7 0.767578 0.573242 0.0820312 0.142578 0.504883
8 0.347656 0.488281 0.0585938 0.0585938 0.525879
8 0.202148 0.386719 0.0449219 0.0234375 0.54834
8 0.269531 0.267578 0.0390625 0.0351562 0.633789
8 0.652344 0.439453 0.0351562 0.0351562 0.654297
8 0.783203 0.522461 0.0273438 0.0253906 0.681152
8 0.158203 0.665039 0.0429688 0.0410156 0.742676
8 0.291016 0.514648 0.0507812 0.0449219 0.790527
8 0.194336 0.454102 0.0527344 0.0449219 0.80127
8 0.260742 0.385742 0.0566406 0.0605469 0.816895
8 0.700195 0.492188 0.0566406 0.046875 0.834473
15 0.499023 0.499023 0.998047 0.998047 0.935547
